Total CPU time:      0:2:10.30

REPORT on Tally stat. collector ==> Statistics on collisions
    num. obs.      min          max        average     variance    standard dev.
  10000000        0.000       35.000       12.270       11.486        3.389
  95.0% confidence interval for mean (student): (    12.268,    12.272 )

Theoretical mean: lambda = 12.5

Counters:
  c       count    Poisson expect.

  0          38           37.3
  1         434          465.8
  2        2723         2911.4
  3       11484        12131.0
  4       37026        37909.5
  5       94979        94773.7
  6      203417       197445.2
  7      367006       352580.7
  8      580943       550907.3
  9      810835       765149.1
 10     1011875       956436.4
 11     1142790      1086859.5
 12     1177523      1132145.3
 13     1112732      1088601.3
 14      973037       971965.4
 15      786828       809971.2
 16      593843       632790.0
 17      420342       465286.7
 18      278264       323115.8
 19      173779       212576.2
 20      102864       132860.1
 21       57597        79083.4
 22       30800        44933.8
 23       15519        24420.5
 24        7390        12719.0
 25        3384         6359.5
 26        1526         3057.5
 27         620         1415.5
 28         251          631.9
 29         104          272.4
 30          47          113.5
