10  // Number of columns
10  // Number of rows
1024  // Number of points
20  // Dimension of points
4  // Interlacing factor
Explicit  // Construction method
//dim = 0
0 0 1 0 1 0 1 1 0 1
1 1 0 0 0 1 0 1 0 1
1 1 1 1 0 1 0 1 0 0
0 0 0 0 1 0 0 0 0 1
1 0 0 0 0 0 0 1 0 1
0 1 1 0 0 1 1 0 1 0
1 1 1 0 1 0 1 1 0 0
0 1 1 1 0 0 1 0 1 0
1 1 0 0 1 0 1 0 1 1
1 0 1 1 0 0 1 0 0 0
//dim = 1
0 1 1 0 0 0 1 1 0 1
1 0 1 0 0 0 1 1 0 1
1 0 0 1 1 0 0 0 0 1
0 1 1 1 0 0 1 0 0 1
0 1 0 1 0 0 1 0 1 0
0 0 0 0 0 0 0 0 0 1
0 1 0 0 0 0 0 0 1 1
1 0 1 1 0 1 0 1 0 1
1 1 1 1 0 0 0 0 1 0
1 0 0 0 0 1 1 0 0 1
//dim = 2
0 1 0 1 0 0 0 0 1 1
0 0 0 1 0 1 1 0 1 0
1 0 0 0 0 0 1 1 1 1
0 1 0 0 0 0 0 0 0 0
0 0 0 1 1 1 1 1 0 0
1 1 1 0 1 1 0 0 0 0
0 1 1 0 1 0 1 0 0 1
0 1 1 1 0 0 0 1 0 1
1 0 0 0 0 0 1 1 0 0
1 0 0 0 1 1 0 1 1 1
//dim = 3
0 0 0 0 0 1 1 1 0 0
1 1 0 1 1 0 0 0 0 0
0 1 1 1 0 1 1 0 1 0
0 0 1 1 0 1 1 1 1 0
0 0 1 1 1 1 0 1 1 1
1 0 1 1 0 1 1 1 0 1
1 1 0 0 0 1 0 0 0 1
1 0 1 1 1 1 0 0 1 0
1 1 1 1 0 0 1 1 0 0
0 1 1 1 0 0 0 1 0 0
//dim = 4
1 0 0 1 0 0 0 0 1 0
1 1 1 1 0 0 1 0 1 0
1 0 1 1 1 0 1 0 0 1
0 0 1 0 0 1 1 0 1 1
0 1 1 1 1 0 0 1 1 1
0 1 1 1 0 0 1 0 0 0
0 1 1 0 0 1 1 0 1 1
1 0 1 1 1 1 1 1 0 1
0 1 0 1 1 0 1 0 1 1
1 0 0 1 0 0 0 1 0 0
//dim = 5
0 0 0 1 0 1 0 0 1 1
1 1 1 0 1 1 1 0 1 0
0 1 0 0 1 1 1 1 1 1
0 1 0 1 0 0 1 0 0 1
0 1 1 1 0 0 0 1 0 0
0 1 1 1 0 1 0 0 0 1
0 0 0 1 0 1 1 1 1 0
1 1 1 0 1 0 1 0 0 0
0 1 1 1 1 1 0 1 1 1
1 0 1 1 1 1 1 0 1 1
//dim = 6
0 0 0 1 0 0 0 0 1 0
0 1 1 1 1 1 1 1 0 1
1 1 0 0 1 0 1 0 0 0
0 0 1 1 0 1 1 1 0 0
0 0 0 1 0 1 0 0 1 1
0 1 1 0 1 1 1 1 0 0
0 1 0 1 0 1 0 1 1 0
0 1 1 1 1 0 0 1 0 1
0 1 1 1 0 1 0 1 1 1
1 0 1 1 1 0 1 1 1 1
//dim = 7
0 0 1 0 0 1 0 1 1 0
1 0 0 1 0 1 0 1 1 1
1 0 1 1 0 0 0 1 1 0
1 1 0 1 0 1 1 0 0 1
1 1 0 1 0 0 0 1 0 0
0 0 1 1 1 1 0 1 1 1
1 0 1 0 1 1 0 0 0 1
1 1 1 0 0 0 0 0 0 0
0 0 0 1 1 0 0 0 1 0
0 1 1 1 0 1 1 1 1 0
//dim = 8
0 0 0 0 1 1 0 1 0 1
1 1 1 1 0 0 0 1 1 1
0 0 0 1 1 0 1 1 1 1
0 1 1 0 1 0 0 0 1 1
1 0 1 1 1 1 0 0 1 1
0 1 1 1 1 1 1 0 1 1
1 0 0 1 0 0 1 1 0 0
1 1 0 1 0 1 0 1 1 0
1 1 0 1 0 0 0 1 1 0
1 0 1 0 1 1 1 0 0 0
//dim = 9
0 1 1 0 0 0 0 1 1 1
1 1 0 1 1 1 0 0 0 1
0 1 0 1 0 0 0 1 1 0
0 0 0 1 0 0 0 0 1 0
1 1 1 0 0 1 1 0 1 0
1 0 0 0 1 0 0 0 1 0
0 1 1 0 1 0 1 0 0 0
1 1 1 0 1 0 1 1 1 1
1 0 0 1 0 1 1 0 0 0
0 0 1 0 0 1 0 1 1 1
//dim = 10
0 0 0 1 1 0 0 1 0 0
0 0 0 0 1 1 0 1 0 0
0 1 1 0 0 1 1 1 1 1
0 1 0 0 1 0 1 0 1 0
1 0 0 1 1 0 0 1 0 1
1 0 1 1 0 1 1 0 0 0
0 1 1 0 1 1 0 0 1 1
0 1 0 0 0 0 0 1 1 1
0 0 0 0 0 1 0 0 1 1
1 1 1 1 0 0 1 0 1 1
//dim = 11
1 0 0 0 1 0 1 0 0 0
1 0 0 0 1 0 0 0 1 0
0 1 0 1 1 0 1 0 0 1
0 0 0 0 0 1 0 0 0 0
1 1 1 0 1 1 0 0 1 0
0 0 1 0 0 1 1 0 1 0
1 0 1 0 0 1 1 0 1 1
1 1 1 0 1 0 0 1 0 0
1 1 0 1 1 1 1 1 1 1
0 0 1 0 0 0 0 1 0 0
//dim = 12
0 1 1 1 0 0 0 0 1 1
1 1 1 0 0 1 1 0 0 0
0 1 1 0 0 0 1 0 1 0
1 0 1 1 0 1 1 1 0 1
0 0 1 1 0 0 1 0 0 0
1 0 1 0 0 1 1 0 1 0
0 1 1 1 0 0 0 1 1 0
1 0 1 1 1 1 1 1 0 1
0 1 0 1 0 1 0 1 0 0
0 1 1 1 1 0 0 1 0 1
//dim = 13
0 0 1 0 1 0 1 1 1 0
1 1 0 1 1 0 0 0 1 1
0 1 0 0 1 1 1 1 1 1
0 0 0 0 1 1 1 0 1 0
0 1 1 1 0 0 0 0 1 1
0 0 1 1 0 1 1 1 1 1
1 1 1 1 0 0 1 0 1 1
1 1 0 0 1 1 1 0 1 1
0 0 0 0 0 1 0 1 1 0
1 1 0 1 1 0 0 1 1 1
//dim = 14
1 0 0 0 1 1 1 1 0 0
1 0 1 1 1 1 0 1 1 1
0 0 1 0 0 1 1 0 0 0
0 1 1 0 0 0 0 0 0 0
1 0 0 1 0 1 0 1 1 1
1 0 1 1 0 1 1 1 0 1
0 1 1 0 1 1 0 1 0 1
1 0 1 1 0 0 0 0 1 1
0 0 1 0 1 1 1 1 0 1
1 0 0 0 0 1 1 1 0 1
//dim = 15
0 0 0 0 0 1 0 0 1 1
0 1 0 0 1 0 1 0 0 0
0 0 1 0 0 1 1 0 1 1
0 1 1 1 0 0 0 0 1 0
1 1 0 0 1 1 1 0 0 1
1 1 0 1 0 0 1 1 0 0
0 1 1 1 1 1 0 1 0 1
1 1 1 1 0 0 0 0 1 1
0 0 1 0 1 0 0 1 0 0
0 1 0 1 0 0 1 1 0 0
//dim = 16
0 1 0 1 0 0 0 0 0 1
0 1 0 0 1 0 0 0 0 1
1 1 0 1 0 0 1 1 0 0
0 1 1 0 1 1 1 0 1 0
1 0 1 0 1 1 1 1 1 0
0 1 0 0 1 1 0 0 1 0
0 1 0 0 0 1 0 1 0 1
0 0 1 0 0 1 1 1 0 1
0 1 1 0 0 1 1 0 1 0
1 0 0 0 0 1 0 0 1 0
//dim = 17
0 0 1 0 1 1 0 1 0 0
0 0 1 1 1 0 0 0 1 0
0 1 0 1 1 0 0 0 1 1
0 1 0 0 1 0 0 1 0 1
1 0 0 1 1 0 0 0 1 0
0 0 1 1 0 0 1 0 0 1
0 0 0 1 0 1 1 0 0 1
0 1 1 0 0 1 1 0 1 0
0 1 0 0 1 1 0 0 0 0
0 1 0 1 0 0 1 0 1 1
//dim = 18
0 0 0 0 1 0 0 0 1 1
0 1 0 0 0 0 1 0 0 1
1 1 0 1 1 0 0 0 1 0
1 0 0 1 0 1 1 0 0 0
0 1 1 1 0 0 1 1 0 0
0 0 1 1 1 1 1 0 1 1
1 0 1 0 1 1 1 0 1 1
1 1 1 0 0 0 1 1 1 1
1 1 1 1 1 1 0 1 0 0
0 0 1 1 0 1 0 1 0 0
//dim = 19
1 1 1 0 0 1 0 0 0 1
1 0 1 1 0 1 1 0 0 1
0 0 0 0 1 1 1 0 1 1
1 0 1 1 1 0 1 1 1 1
0 1 0 1 1 0 1 1 1 1
1 0 0 1 1 1 0 0 0 0
1 1 1 0 0 0 0 0 0 1
0 0 0 1 0 1 1 0 0 0
1 1 0 0 1 0 0 0 0 1
1 1 0 1 1 1 0 0 1 1
0.0385827  // Merit
0.0123608  // Time
